; FBX 7.5.0 project file
; ----------------------------------------------------

FBXHeaderExtension:  {
	FBXHeaderVersion: 1003
	FBXVersion: 7500
	CreationTimeStamp:  {
		Version: 1000
		Year: 2020
		Month: 11
		Day: 21
		Hour: 15
		Minute: 58
		Second: 47
		Millisecond: 1
	}
	Creator: "FBX SDK/FBX Plugins version 2019.0"
	SceneInfo: "SceneInfo::GlobalInfo", "UserData" {
		Type: "UserData"
		Version: 100
		MetaData:  {
			Version: 100
			Title: ""
			Subject: ""
			Author: ""
			Keywords: ""
			Revision: ""
			Comment: ""
		}
		Properties70:  {
			P: "DocumentUrl", "KString", "Url", "", "C:\Users\jelly\Desktop\charaters for assete\animations\Idle.fbx"
			P: "SrcDocumentUrl", "KString", "Url", "", "C:\Users\jelly\Desktop\charaters for assete\animations\Idle.fbx"
			P: "Original", "Compound", "", ""
			P: "Original|ApplicationVendor", "KString", "", "", ""
			P: "Original|ApplicationName", "KString", "", "", ""
			P: "Original|ApplicationVersion", "KString", "", "", ""
			P: "Original|DateTime_GMT", "DateTime", "", "", ""
			P: "Original|FileName", "KString", "", "", ""
			P: "LastSaved", "Compound", "", ""
			P: "LastSaved|ApplicationVendor", "KString", "", "", ""
			P: "LastSaved|ApplicationName", "KString", "", "", ""
			P: "LastSaved|ApplicationVersion", "KString", "", "", ""
			P: "LastSaved|DateTime_GMT", "DateTime", "", "", ""
		}
	}
}
GlobalSettings:  {
	Version: 1000
	Properties70:  {
		P: "UpAxis", "int", "Integer", "",1
		P: "UpAxisSign", "int", "Integer", "",1
		P: "FrontAxis", "int", "Integer", "",2
		P: "FrontAxisSign", "int", "Integer", "",1
		P: "CoordAxis", "int", "Integer", "",0
		P: "CoordAxisSign", "int", "Integer", "",1
		P: "OriginalUpAxis", "int", "Integer", "",-1
		P: "OriginalUpAxisSign", "int", "Integer", "",1
		P: "UnitScaleFactor", "double", "Number", "",1
		P: "OriginalUnitScaleFactor", "double", "Number", "",1
		P: "AmbientColor", "ColorRGB", "Color", "",0,0,0
		P: "DefaultCamera", "KString", "", "", "Producer Perspective"
		P: "TimeMode", "enum", "", "",0
		P: "TimeProtocol", "enum", "", "",2
		P: "SnapOnFrameMode", "enum", "", "",0
		P: "TimeSpanStart", "KTime", "Time", "",0
		P: "TimeSpanStop", "KTime", "Time", "",46186158000
		P: "CustomFrameRate", "double", "Number", "",-1
		P: "TimeMarker", "Compound", "", ""
		P: "CurrentTimeMarker", "int", "Integer", "",-1
	}
}

; Documents Description
;------------------------------------------------------------------

Documents:  {
	Count: 1
	Document: 2079069999632, "myScene", "Scene" {
		Properties70:  {
			P: "SourceObject", "object", "", ""
			P: "ActiveAnimStackName", "KString", "", "", ""
		}
		RootNode: 0
	}
}

; Document References
;------------------------------------------------------------------

References:  {
}

; Object definitions
;------------------------------------------------------------------

Definitions:  {
	Version: 100
	Count: 325
	ObjectType: "GlobalSettings" {
		Count: 1
	}
	ObjectType: "NodeAttribute" {
		Count: 22
		PropertyTemplate: "FbxSkeleton" {
			Properties70:  {
				P: "Color", "ColorRGB", "Color", "",0.8,0.8,0.8
				P: "Size", "double", "Number", "",100
				P: "LimbLength", "double", "Number", "H",1
			}
		}
	}
	ObjectType: "Model" {
		Count: 23
		PropertyTemplate: "FbxNode" {
			Properties70:  {
				P: "QuaternionInterpolate", "enum", "", "",0
				P: "RotationOffset", "Vector3D", "Vector", "",0,0,0
				P: "RotationPivot", "Vector3D", "Vector", "",0,0,0
				P: "ScalingOffset", "Vector3D", "Vector", "",0,0,0
				P: "ScalingPivot", "Vector3D", "Vector", "",0,0,0
				P: "TranslationActive", "bool", "", "",0
				P: "TranslationMin", "Vector3D", "Vector", "",0,0,0
				P: "TranslationMax", "Vector3D", "Vector", "",0,0,0
				P: "TranslationMinX", "bool", "", "",0
				P: "TranslationMinY", "bool", "", "",0
				P: "TranslationMinZ", "bool", "", "",0
				P: "TranslationMaxX", "bool", "", "",0
				P: "TranslationMaxY", "bool", "", "",0
				P: "TranslationMaxZ", "bool", "", "",0
				P: "RotationOrder", "enum", "", "",0
				P: "RotationSpaceForLimitOnly", "bool", "", "",0
				P: "RotationStiffnessX", "double", "Number", "",0
				P: "RotationStiffnessY", "double", "Number", "",0
				P: "RotationStiffnessZ", "double", "Number", "",0
				P: "AxisLen", "double", "Number", "",10
				P: "PreRotation", "Vector3D", "Vector", "",0,0,0
				P: "PostRotation", "Vector3D", "Vector", "",0,0,0
				P: "RotationActive", "bool", "", "",0
				P: "RotationMin", "Vector3D", "Vector", "",0,0,0
				P: "RotationMax", "Vector3D", "Vector", "",0,0,0
				P: "RotationMinX", "bool", "", "",0
				P: "RotationMinY", "bool", "", "",0
				P: "RotationMinZ", "bool", "", "",0
				P: "RotationMaxX", "bool", "", "",0
				P: "RotationMaxY", "bool", "", "",0
				P: "RotationMaxZ", "bool", "", "",0
				P: "InheritType", "enum", "", "",0
				P: "ScalingActive", "bool", "", "",0
				P: "ScalingMin", "Vector3D", "Vector", "",0,0,0
				P: "ScalingMax", "Vector3D", "Vector", "",1,1,1
				P: "ScalingMinX", "bool", "", "",0
				P: "ScalingMinY", "bool", "", "",0
				P: "ScalingMinZ", "bool", "", "",0
				P: "ScalingMaxX", "bool", "", "",0
				P: "ScalingMaxY", "bool", "", "",0
				P: "ScalingMaxZ", "bool", "", "",0
				P: "GeometricTranslation", "Vector3D", "Vector", "",0,0,0
				P: "GeometricRotation", "Vector3D", "Vector", "",0,0,0
				P: "GeometricScaling", "Vector3D", "Vector", "",1,1,1
				P: "MinDampRangeX", "double", "Number", "",0
				P: "MinDampRangeY", "double", "Number", "",0
				P: "MinDampRangeZ", "double", "Number", "",0
				P: "MaxDampRangeX", "double", "Number", "",0
				P: "MaxDampRangeY", "double", "Number", "",0
				P: "MaxDampRangeZ", "double", "Number", "",0
				P: "MinDampStrengthX", "double", "Number", "",0
				P: "MinDampStrengthY", "double", "Number", "",0
				P: "MinDampStrengthZ", "double", "Number", "",0
				P: "MaxDampStrengthX", "double", "Number", "",0
				P: "MaxDampStrengthY", "double", "Number", "",0
				P: "MaxDampStrengthZ", "double", "Number", "",0
				P: "PreferedAngleX", "double", "Number", "",0
				P: "PreferedAngleY", "double", "Number", "",0
				P: "PreferedAngleZ", "double", "Number", "",0
				P: "LookAtProperty", "object", "", ""
				P: "UpVectorProperty", "object", "", ""
				P: "Show", "bool", "", "",1
				P: "NegativePercentShapeSupport", "bool", "", "",1
				P: "DefaultAttributeIndex", "int", "Integer", "",-1
				P: "Freeze", "bool", "", "",0
				P: "LODBox", "bool", "", "",0
				P: "Lcl Translation", "Lcl Translation", "", "A",0,0,0
				P: "Lcl Rotation", "Lcl Rotation", "", "A",0,0,0
				P: "Lcl Scaling", "Lcl Scaling", "", "A",1,1,1
				P: "Visibility", "Visibility", "", "A",1
				P: "Visibility Inheritance", "Visibility Inheritance", "", "",1
			}
		}
	}
	ObjectType: "Pose" {
		Count: 1
	}
	ObjectType: "AnimationStack" {
		Count: 1
		PropertyTemplate: "FbxAnimStack" {
			Properties70:  {
				P: "Description", "KString", "", "", ""
				P: "LocalStart", "KTime", "Time", "",0
				P: "LocalStop", "KTime", "Time", "",0
				P: "ReferenceStart", "KTime", "Time", "",0
				P: "ReferenceStop", "KTime", "Time", "",0
			}
		}
	}
	ObjectType: "AnimationLayer" {
		Count: 1
		PropertyTemplate: "FbxAnimLayer" {
			Properties70:  {
				P: "Weight", "Number", "", "A",100
				P: "Mute", "bool", "", "",0
				P: "Solo", "bool", "", "",0
				P: "Lock", "bool", "", "",0
				P: "Color", "ColorRGB", "Color", "",0.8,0.8,0.8
				P: "BlendMode", "enum", "", "",0
				P: "RotationAccumulationMode", "enum", "", "",0
				P: "ScaleAccumulationMode", "enum", "", "",0
				P: "BlendModeBypass", "ULongLong", "", "",0
			}
		}
	}
	ObjectType: "AnimationCurveNode" {
		Count: 69
		PropertyTemplate: "FbxAnimCurveNode" {
			Properties70:  {
				P: "d", "Compound", "", ""
			}
		}
	}
	ObjectType: "AnimationCurve" {
		Count: 207
	}
}

; Object properties
;------------------------------------------------------------------

Objects:  {
	NodeAttribute: 2079070219184, "NodeAttribute::toe.R", "LimbNode" {
		TypeFlags: "Skeleton"
	}
	NodeAttribute: 2079070219376, "NodeAttribute::foot.R", "LimbNode" {
		TypeFlags: "Skeleton"
	}
	NodeAttribute: 2079070219568, "NodeAttribute::shin.R", "LimbNode" {
		TypeFlags: "Skeleton"
	}
	NodeAttribute: 2079070219760, "NodeAttribute::thigh.R", "LimbNode" {
		TypeFlags: "Skeleton"
	}
	NodeAttribute: 2079070219952, "NodeAttribute::toe.L", "LimbNode" {
		TypeFlags: "Skeleton"
	}
	NodeAttribute: 2079072051152, "NodeAttribute::foot.L", "LimbNode" {
		TypeFlags: "Skeleton"
	}
	NodeAttribute: 2079072051888, "NodeAttribute::shin.L", "LimbNode" {
		TypeFlags: "Skeleton"
	}
	NodeAttribute: 2079072052080, "NodeAttribute::thigh.L", "LimbNode" {
		TypeFlags: "Skeleton"
	}
	NodeAttribute: 2079072052272, "NodeAttribute::hand.R", "LimbNode" {
		TypeFlags: "Skeleton"
	}
	NodeAttribute: 2079072052464, "NodeAttribute::forearm.R", "LimbNode" {
		TypeFlags: "Skeleton"
	}
	NodeAttribute: 2079072056720, "NodeAttribute::upper_arm.R", "LimbNode" {
		TypeFlags: "Skeleton"
	}
	NodeAttribute: 2079072054608, "NodeAttribute::shoulder.R", "LimbNode" {
		TypeFlags: "Skeleton"
	}
	NodeAttribute: 2079072054224, "NodeAttribute::hand.L", "LimbNode" {
		TypeFlags: "Skeleton"
	}
	NodeAttribute: 2079072055376, "NodeAttribute::forearm.L", "LimbNode" {
		TypeFlags: "Skeleton"
	}
	NodeAttribute: 2079072056912, "NodeAttribute::upper_arm.L", "LimbNode" {
		TypeFlags: "Skeleton"
	}
	NodeAttribute: 2079072055568, "NodeAttribute::shoulder.L", "LimbNode" {
		TypeFlags: "Skeleton"
	}
	NodeAttribute: 2079072056336, "NodeAttribute::head", "LimbNode" {
		TypeFlags: "Skeleton"
	}
	NodeAttribute: 2079072056528, "NodeAttribute::neck", "LimbNode" {
		TypeFlags: "Skeleton"
	}
	NodeAttribute: 2079072053456, "NodeAttribute::spine.003", "LimbNode" {
		TypeFlags: "Skeleton"
	}
	NodeAttribute: 2079072053264, "NodeAttribute::spine.002", "LimbNode" {
		TypeFlags: "Skeleton"
	}
	NodeAttribute: 2079072053840, "NodeAttribute::spine.001", "LimbNode" {
		TypeFlags: "Skeleton"
	}
	NodeAttribute: 2079072056144, "NodeAttribute::pelvis", "Root" {
		TypeFlags: "Null", "Skeleton", "Root"
	}
	Model: 2079070204544, "Model::metarig", "Null" {
		Version: 232
		Properties70:  {
			P: "RotationActive", "bool", "", "",1
			P: "InheritType", "enum", "", "",1
			P: "ScalingMax", "Vector3D", "Vector", "",0,0,0
			P: "Lcl Rotation", "Lcl Rotation", "", "A+",-90.0000076293945,-5.00895612276508e-06,5.00895657751244e-06
			P: "Lcl Scaling", "Lcl Scaling", "", "A+",100,100,100
		}
		Shading: Y
		Culling: "CullingOff"
	}
	Model: 2079070206544, "Model::toe.R", "LimbNode" {
		Version: 232
		Properties70:  {
			P: "RotationActive", "bool", "", "",1
			P: "InheritType", "enum", "", "",1
			P: "ScalingMax", "Vector3D", "Vector", "",0,0,0
			P: "DefaultAttributeIndex", "int", "Integer", "",0
			P: "Lcl Translation", "Lcl Translation", "", "A+",-5.96046447753906e-08,0.173092037439346,4.4703483581543e-08
			P: "Lcl Rotation", "Lcl Rotation", "", "A+",-121.101509094238,0.158602133393288,176.029739379883
			P: "Lcl Scaling", "Lcl Scaling", "", "A+",1.00000011920929,1.00000035762787,0.999999821186066
		}
		Shading: Y
		Culling: "CullingOff"
	}
	Model: 2079070208544, "Model::foot.R", "LimbNode" {
		Version: 232
		Properties70:  {
			P: "RotationActive", "bool", "", "",1
			P: "InheritType", "enum", "", "",1
			P: "ScalingMax", "Vector3D", "Vector", "",0,0,0
			P: "DefaultAttributeIndex", "int", "Integer", "",0
			P: "Lcl Translation", "Lcl Translation", "", "A+",2.98023223876953e-08,0.204010978341103,2.98023223876953e-08
			P: "Lcl Rotation", "Lcl Rotation", "", "A+",-53.941780090332,13.3267669677734,-1.85397338867188
			P: "Lcl Scaling", "Lcl Scaling", "", "A+",0.999999821186066,0.999999821186066,0.999999523162842
		}
		Shading: Y
		Culling: "CullingOff"
	}
	Model: 2079070210544, "Model::shin.R", "LimbNode" {
		Version: 232
		Properties70:  {
			P: "RotationActive", "bool", "", "",1
			P: "InheritType", "enum", "", "",1
			P: "ScalingMax", "Vector3D", "Vector", "",0,0,0
			P: "DefaultAttributeIndex", "int", "Integer", "",0
			P: "Lcl Translation", "Lcl Translation", "", "A+",-1.49011611938477e-08,0.253830552101135,1.49011611938477e-08
			P: "Lcl Rotation", "Lcl Rotation", "", "A+",42.5826873779297,-0.0240020751953125,-0.5211181640625
			P: "Lcl Scaling", "Lcl Scaling", "", "A+",0.999999821186066,1.00000011920929,0.999999821186066
		}
		Shading: Y
		Culling: "CullingOff"
	}
	Model: 2079070212544, "Model::thigh.R", "LimbNode" {
		Version: 232
		Properties70:  {
			P: "RotationActive", "bool", "", "",1
			P: "InheritType", "enum", "", "",1
			P: "ScalingMax", "Vector3D", "Vector", "",0,0,0
			P: "DefaultAttributeIndex", "int", "Integer", "",0
			P: "Lcl Translation", "Lcl Translation", "", "A+",-0.197207272052765,-0.0009041428565979,0.036093071103096
			P: "Lcl Rotation", "Lcl Rotation", "", "A+",146.215179443359,-0.313323974609375,-0.241043090820313
			P: "Lcl Scaling", "Lcl Scaling", "", "A+",1,0.999999821186066,0.999998211860657
		}
		Shading: Y
		Culling: "CullingOff"
	}
	Model: 2079070214544, "Model::toe.L", "LimbNode" {
		Version: 232
		Properties70:  {
			P: "RotationActive", "bool", "", "",1
			P: "InheritType", "enum", "", "",1
			P: "ScalingMax", "Vector3D", "Vector", "",0,0,0
			P: "DefaultAttributeIndex", "int", "Integer", "",0
			P: "Lcl Translation", "Lcl Translation", "", "A+",-8.94069671630859e-08,0.173092067241669,4.4703483581543e-08
			P: "Lcl Rotation", "Lcl Rotation", "", "A+",-121.102012634277,-0.158157348632813,-176.029815673828
			P: "Lcl Scaling", "Lcl Scaling", "", "A+",0.999999821186066,0.999999523162842,1
		}
		Shading: Y
		Culling: "CullingOff"
	}
	Model: 2079072107552, "Model::foot.L", "LimbNode" {
		Version: 232
		Properties70:  {
			P: "RotationActive", "bool", "", "",1
			P: "InheritType", "enum", "", "",1
			P: "ScalingMax", "Vector3D", "Vector", "",0,0,0
			P: "DefaultAttributeIndex", "int", "Integer", "",0
			P: "Lcl Translation", "Lcl Translation", "", "A+",2.98023223876953e-08,0.204011097550392,9.68575477600098e-08
			P: "Lcl Rotation", "Lcl Rotation", "", "A+",-53.9024200439453,-11.9987211227417,1.28404331207275
			P: "Lcl Scaling", "Lcl Scaling", "", "A+",1,0.999999821186066,0.999999701976776
		}
		Shading: Y
		Culling: "CullingOff"
	}
	Model: 2079072109552, "Model::shin.L", "LimbNode" {
		Version: 232
		Properties70:  {
			P: "RotationActive", "bool", "", "",1
			P: "InheritType", "enum", "", "",1
			P: "ScalingMax", "Vector3D", "Vector", "",0,0,0
			P: "DefaultAttributeIndex", "int", "Integer", "",0
			P: "Lcl Translation", "Lcl Translation", "", "A+",-2.98023223876953e-08,0.253830701112747,5.96046447753906e-08
			P: "Lcl Rotation", "Lcl Rotation", "", "A+",42.5844078063965,0.024000458419323,0.521120190620422
			P: "Lcl Scaling", "Lcl Scaling", "", "A+",0.999999821186066,0.999999821186066,1
		}
		Shading: Y
		Culling: "CullingOff"
	}
	Model: 2079072099232, "Model::thigh.L", "LimbNode" {
		Version: 232
		Properties70:  {
			P: "RotationActive", "bool", "", "",1
			P: "InheritType", "enum", "", "",1
			P: "ScalingMax", "Vector3D", "Vector", "",0,0,0
			P: "DefaultAttributeIndex", "int", "Integer", "",0
			P: "Lcl Translation", "Lcl Translation", "", "A+",0.197207301855087,-0.000904083251953125,0.0360933393239975
			P: "Lcl Rotation", "Lcl Rotation", "", "A+",146.216033935547,0.315804004669189,0.239773124456406
			P: "Lcl Scaling", "Lcl Scaling", "", "A+",1,1,0.999997973442078
		}
		Shading: Y
		Culling: "CullingOff"
	}
	Model: 2079072097232, "Model::hand.R", "LimbNode" {
		Version: 232
		Properties70:  {
			P: "RotationActive", "bool", "", "",1
			P: "InheritType", "enum", "", "",1
			P: "ScalingMax", "Vector3D", "Vector", "",0,0,0
			P: "DefaultAttributeIndex", "int", "Integer", "",0
			P: "Lcl Translation", "Lcl Translation", "", "A+",5.96046447753906e-08,0.257811963558197,4.17232513427734e-07
			P: "Lcl Rotation", "Lcl Rotation", "", "A+",-10.3330993652344,0.295700073242188,-2.47711181640625
			P: "Lcl Scaling", "Lcl Scaling", "", "A+",0.999999821186066,0.999999821186066,1
		}
		Shading: Y
		Culling: "CullingOff"
	}
	Model: 2079072105232, "Model::forearm.R", "LimbNode" {
		Version: 232
		Properties70:  {
			P: "RotationActive", "bool", "", "",1
			P: "InheritType", "enum", "", "",1
			P: "ScalingMax", "Vector3D", "Vector", "",0,0,0
			P: "DefaultAttributeIndex", "int", "Integer", "",0
			P: "Lcl Translation", "Lcl Translation", "", "A+",0,0.299301385879517,1.78813934326172e-07
			P: "Lcl Rotation", "Lcl Rotation", "", "A+",28.0752182006836,4.40897226333618,0.398470759391785
			P: "Lcl Scaling", "Lcl Scaling", "", "A+",1.00000011920929,0.999999821186066,0.999999821186066
		}
		Shading: Y
		Culling: "CullingOff"
	}
	Model: 2079072091232, "Model::upper_arm.R", "LimbNode" {
		Version: 232
		Properties70:  {
			P: "RotationActive", "bool", "", "",1
			P: "InheritType", "enum", "", "",1
			P: "ScalingMax", "Vector3D", "Vector", "",0,0,0
			P: "DefaultAttributeIndex", "int", "Integer", "",0
			P: "Lcl Translation", "Lcl Translation", "", "A+",-0.0285399034619331,0.200924158096313,-0.0224123001098633
			P: "Lcl Rotation", "Lcl Rotation", "", "A+",-99.8327026367188,-22.5930404663086,120.101211547852
			P: "Lcl Scaling", "Lcl Scaling", "", "A+",0.999999821186066,0.999999821186066,1.00000011920929
		}
		Shading: Y
		Culling: "CullingOff"
	}
	Model: 2079072095232, "Model::shoulder.R", "LimbNode" {
		Version: 232
		Properties70:  {
			P: "RotationActive", "bool", "", "",1
			P: "InheritType", "enum", "", "",1
			P: "ScalingMax", "Vector3D", "Vector", "",0,0,0
			P: "DefaultAttributeIndex", "int", "Integer", "",0
			P: "Lcl Translation", "Lcl Translation", "", "A+",-0.0937933102250099,0.182088494300842,0.0644564628601074
			P: "Lcl Rotation", "Lcl Rotation", "", "A+",-87.1516265869141,60.2777671813965,2.00991487503052
			P: "Lcl Scaling", "Lcl Scaling", "", "A+",0.999999821186066,0.999999821186066,0.999999821186066
		}
		Shading: Y
		Culling: "CullingOff"
	}
	Model: 2079072093232, "Model::hand.L", "LimbNode" {
		Version: 232
		Properties70:  {
			P: "RotationActive", "bool", "", "",1
			P: "InheritType", "enum", "", "",1
			P: "ScalingMax", "Vector3D", "Vector", "",0,0,0
			P: "DefaultAttributeIndex", "int", "Integer", "",0
			P: "Lcl Translation", "Lcl Translation", "", "A+",0,0.257811903953552,4.17232513427734e-07
			P: "Lcl Rotation", "Lcl Rotation", "", "A+",-9.19012355804443,-0.797560811042786,2.63474011421204
			P: "Lcl Scaling", "Lcl Scaling", "", "A+",0.999999821186066,0.999999821186066,0.999999821186066
		}
		Shading: Y
		Culling: "CullingOff"
	}
	Model: 2079072101232, "Model::forearm.L", "LimbNode" {
		Version: 232
		Properties70:  {
			P: "RotationActive", "bool", "", "",1
			P: "InheritType", "enum", "", "",1
			P: "ScalingMax", "Vector3D", "Vector", "",0,0,0
			P: "DefaultAttributeIndex", "int", "Integer", "",0
			P: "Lcl Translation", "Lcl Translation", "", "A+",1.19209289550781e-07,0.299301445484161,3.42726707458496e-07
			P: "Lcl Rotation", "Lcl Rotation", "", "A+",27.8906555175781,-4.41032409667969,-0.396255493164063
			P: "Lcl Scaling", "Lcl Scaling", "", "A+",1.00000011920929,1,1
		}
		Shading: Y
		Culling: "CullingOff"
	}
	Model: 2079072103232, "Model::upper_arm.L", "LimbNode" {
		Version: 232
		Properties70:  {
			P: "RotationActive", "bool", "", "",1
			P: "InheritType", "enum", "", "",1
			P: "ScalingMax", "Vector3D", "Vector", "",0,0,0
			P: "DefaultAttributeIndex", "int", "Integer", "",0
			P: "Lcl Translation", "Lcl Translation", "", "A+",0.0285398438572884,0.200924262404442,-0.0224124193191528
			P: "Lcl Rotation", "Lcl Rotation", "", "A+",-99.9249877929688,21.0346984863281,-120.543151855469
			P: "Lcl Scaling", "Lcl Scaling", "", "A+",1,1.00000023841858,1.00000011920929
		}
		Shading: Y
		Culling: "CullingOff"
	}
	Model: 2079072200784, "Model::shoulder.L", "LimbNode" {
		Version: 232
		Properties70:  {
			P: "RotationActive", "bool", "", "",1
			P: "InheritType", "enum", "", "",1
			P: "ScalingMax", "Vector3D", "Vector", "",0,0,0
			P: "DefaultAttributeIndex", "int", "Integer", "",0
			P: "Lcl Translation", "Lcl Translation", "", "A+",0.0937932878732681,0.182088255882263,0.0644566267728806
			P: "Lcl Rotation", "Lcl Rotation", "", "A+",-87.4656829833984,-60.1885528564453,-1.85026550292969
			P: "Lcl Scaling", "Lcl Scaling", "", "A+",1,1.00000023841858,0.999999821186066
		}
		Shading: Y
		Culling: "CullingOff"
	}
	Model: 2079072212784, "Model::head", "LimbNode" {
		Version: 232
		Properties70:  {
			P: "RotationActive", "bool", "", "",1
			P: "InheritType", "enum", "", "",1
			P: "ScalingMax", "Vector3D", "Vector", "",0,0,0
			P: "DefaultAttributeIndex", "int", "Integer", "",0
			P: "Lcl Translation", "Lcl Translation", "", "A+",-1.92085281014442e-08,0.0556504726409912,-0.0113916993141174
			P: "Lcl Rotation", "Lcl Rotation", "", "A+",-32.2749176025391,0.0262900069355965,0.134761974215508
			P: "Lcl Scaling", "Lcl Scaling", "", "A+",1,1,0.999999821186066
		}
		Shading: Y
		Culling: "CullingOff"
	}
	Model: 2079072198784, "Model::neck", "LimbNode" {
		Version: 232
		Properties70:  {
			P: "RotationActive", "bool", "", "",1
			P: "InheritType", "enum", "", "",1
			P: "ScalingMax", "Vector3D", "Vector", "",0,0,0
			P: "DefaultAttributeIndex", "int", "Integer", "",0
			P: "Lcl Translation", "Lcl Translation", "", "A+",7.38873495720327e-09,0.224724769592285,0.00054076686501503
			P: "Lcl Rotation", "Lcl Rotation", "", "A+",33.6500854492188,0.183273315429688,-0.0716705322265625
			P: "Lcl Scaling", "Lcl Scaling", "", "A+",1,0.999999701976776,0.999999701976776
		}
		Shading: Y
		Culling: "CullingOff"
	}
	Model: 2079072206784, "Model::spine.003", "LimbNode" {
		Version: 232
		Properties70:  {
			P: "RotationActive", "bool", "", "",1
			P: "InheritType", "enum", "", "",1
			P: "ScalingMax", "Vector3D", "Vector", "",0,0,0
			P: "DefaultAttributeIndex", "int", "Integer", "",0
			P: "Lcl Translation", "Lcl Translation", "", "A+",9.61590558290482e-08,0.201338052749634,-1.84401869773865e-07
			P: "Lcl Rotation", "Lcl Rotation", "", "A+",-0.0041656494140625,0.083404541015625,-0.0181732177734375
			P: "Lcl Scaling", "Lcl Scaling", "", "A+",1,1,1.00000011920929
		}
		Shading: Y
		Culling: "CullingOff"
	}
	Model: 2079072210784, "Model::spine.002", "LimbNode" {
		Version: 232
		Properties70:  {
			P: "RotationActive", "bool", "", "",1
			P: "InheritType", "enum", "", "",1
			P: "ScalingMax", "Vector3D", "Vector", "",0,0,0
			P: "DefaultAttributeIndex", "int", "Integer", "",0
			P: "Lcl Translation", "Lcl Translation", "", "A+",6.07542460784316e-09,0.151700258255005,-2.98023223876953e-08
			P: "Lcl Rotation", "Lcl Rotation", "", "A+",-6.50410318374634,-0.464932531118393,0.0692923218011856
			P: "Lcl Scaling", "Lcl Scaling", "", "A+",1,1,0.999999821186066
		}
		Shading: Y
		Culling: "CullingOff"
	}
	Model: 2079072202784, "Model::spine.001", "LimbNode" {
		Version: 232
		Properties70:  {
			P: "RotationActive", "bool", "", "",1
			P: "InheritType", "enum", "", "",1
			P: "ScalingMax", "Vector3D", "Vector", "",0,0,0
			P: "DefaultAttributeIndex", "int", "Integer", "",0
			P: "Lcl Translation", "Lcl Translation", "", "A+",1.92917468666565e-08,0.126577973365784,4.4703483581543e-08
			P: "Lcl Rotation", "Lcl Rotation", "", "A+",-8.97162342071533,-0.0466691963374615,0.0183989051729441
			P: "Lcl Scaling", "Lcl Scaling", "", "A+",1,0.999999821186066,0.999999821186066
		}
		Shading: Y
		Culling: "CullingOff"
	}
	Model: 2079072204784, "Model::pelvis", "Root" {
		Version: 232
		Properties70:  {
			P: "RotationActive", "bool", "", "",1
			P: "InheritType", "enum", "", "",1
			P: "ScalingMax", "Vector3D", "Vector", "",0,0,0
			P: "DefaultAttributeIndex", "int", "Integer", "",0
			P: "Lcl Translation", "Lcl Translation", "", "A+",-2.76703553936386e-06,0.0539899058640003,0.613244652748108
			P: "Lcl Rotation", "Lcl Rotation", "", "A+",104.124031066895,-0.0008544921875,-0.0013427734375
		}
		Shading: Y
		Culling: "CullingOff"
	}
	Pose: 2079072052928, "Pose::BindPose", "BindPose" {
		Type: "BindPose"
		Version: 100
		NbPoseNodes: 23
		PoseNode:  {
			Node: 2079070204544
			Matrix: *16 {
				a: 99.9999999999992,8.74227843670181e-06,8.74227764301799e-06,0,8.74227880712267e-06,-1.33158046878718e-05,-99.9999999999987,0,-8.74227727259709e-06,99.9999999999987,-1.33158054521461e-05,0,0,0,0,1
			} 
		}
		PoseNode:  {
			Node: 2079070206544
			Matrix: *16 {
				a: -0.997596419833762,0.0692384216361567,-0.00276812622323719,0,0.0381301895281733,0.515152284540093,-0.856250505188484,0,-0.0578593890210356,-0.854297427513233,-0.516553810186845,0,-5.96046447753906e-08,0.173092037439346,4.47034835676652e-08,1
			} 
		}
		PoseNode:  {
			Node: 2079070208544
			Matrix: *16 {
				a: 0.972561743920927,-0.0314810824815927,-0.230504312496394,0,-0.167203808000528,0.594327449897449,-0.786649484370695,0,0.161759598254662,0.803606297386595,0.572756315983516,0,2.98023223599397e-08,0.204010978341103,2.98023224015731e-08,1
			} 
		}
		PoseNode:  {
			Node: 2079070210544
			Matrix: *16 {
				a: 0.999958372153292,-0.00909509993330128,0.000418915152309014,0,0.00641329026173181,0.736273791366853,0.676653539318973,0,-0.0064626670373697,-0.676622604404997,0.736301383616197,0,-1.49011612216032e-08,0.253830552101135,1.49011612216032e-08,1
			} 
		}
		PoseNode:  {
			Node: 2079070212544
			Matrix: *16 {
				a: 0.999976198339327,-0.00420692025970961,0.00546850772643375,0,-0.00653743234795836,-0.831111523557639,0.556067028118157,0,0.00220560659221121,-0.556088647869557,-0.831117906638209,0,-0.197207272052765,-0.0009041428565979,0.036093071103096,1
			} 
		}
		PoseNode:  {
			Node: 2079070214544
			Matrix: *16 {
				a: -0.997596236129734,-0.0692370741075955,0.00276036247078509,0,-0.0381233491802276,0.515159873570073,-0.856245269322091,0,0.0578619271221053,-0.854292852259915,-0.516561438715023,0,-8.94069671630859e-08,0.173092067241669,4.47034835676652e-08,1
			} 
		}
		PoseNode:  {
			Node: 2079072107552
			Matrix: *16 {
				a: 0.977906616323347,0.0219193232281317,0.207889857906159,0,0.154733384812521,0.592778383174819,-0.790361316384646,0,-0.140556782253223,0.8050669659891,0.57629018314506,0,2.98023223876953e-08,0.204011097550392,9.6857547746132e-08,1
			} 
		}
		PoseNode:  {
			Node: 2079072109552
			Matrix: *16 {
				a: 0.999958371843417,0.00909513530204463,-0.00041888693425225,0,-0.00641313942715394,0.736253254165228,0.676675446389156,0,0.00646286392025138,-0.676644833244432,0.736281196984931,0,-2.98023223876953e-08,0.253830701112747,5.9604644747635e-08,1
			} 
		}
		PoseNode:  {
			Node: 2079072099232
			Matrix: *16 {
				a: 0.999976053703123,0.00418475469732649,-0.00551179176417962,0,0.00654304721142458,-0.831120009409825,0.556054600279326,0,-0.00225400375454263,-0.556076221821564,-0.831125803882897,0,0.197207301855087,-0.000904083251953125,0.0360933393239975,1
			} 
		}
		PoseNode:  {
			Node: 2079072097232
			Matrix: *16 {
				a: 0.999052082865133,-0.0432197066232309,-0.00516091604312054,0,0.0415944661428534,0.982902136693469,-0.179368147790699,0,0.0128249187176931,0.178983520111826,0.983768479363038,0,5.96046448864129e-08,0.257811963558197,4.17232513483246e-07,1
			} 
		}
		PoseNode:  {
			Node: 2079072105232
			Matrix: *16 {
				a: 0.997016733244391,0.006933991009693,-0.0768751703604816,0,0.0300426696989321,0.882560626779394,0.469237488302339,0,0.0711006785865573,-0.470147107008287,0.879719292529402,0,0,0.299301385879516,1.78813934353927e-07,1
			} 
		}
		PoseNode:  {
			Node: 2079072091232
			Matrix: *16 {
				a: -0.463040050412932,0.798747075566318,0.384183111757933,0,-0.0421069184883851,0.413137190072856,-0.909694625666372,0,-0.885336675335875,-0.437402020869833,-0.157666362496251,0,-0.0285399034619331,0.200924158096314,-0.0224123001098633,1
			} 
		}
		PoseNode:  {
			Node: 2079072095232
			Matrix: *16 {
				a: 0.495490575724635,0.0173887605241341,-0.868439038014568,0,-0.868575343013194,0.0192417940079697,-0.495183066395683,0,0.0080997067691352,0.999663456740794,0.0246375806333505,0,-0.0937933102250099,0.182088494300842,0.0644564628601074,1
			} 
		}
		PoseNode:  {
			Node: 2079072093232
			Matrix: *16 {
				a: 0.998845922559873,0.0459642231751754,0.0139196101088395,0,-0.0431578489547643,0.986222278135186,-0.159695524532173,0,-0.0210681140892391,0.158910511514848,0.987067994755668,0,1.11022302462516e-16,0.257811903953552,4.1723251345549e-07,1
			} 
		}
		PoseNode:  {
			Node: 2079072101232
			Matrix: *16 {
				a: 0.997015186570355,-0.00689543011322476,0.0768986944637308,0,-0.0298586735554869,0.884069576453865,0.466400518441168,0,-0.0711998199364087,-0.467304437217938,0.881224800262368,0,1.19209289550781e-07,0.299301445484161,3.42726707430741e-07,1
			} 
		}
		PoseNode:  {
			Node: 2079072103232
			Matrix: *16 {
				a: -0.474323196233763,-0.803855968697354,-0.35893326274424,0,0.0312320832192368,0.39209428756695,-0.919394965981633,0,0.879796708054492,-0.447300539075447,-0.16087330001553,0,0.0285398438572884,0.200924262404442,-0.0224124193191526,1
			} 
		}
		PoseNode:  {
			Node: 2079072200784
			Matrix: *16 {
				a: 0.496888119158755,-0.0160517001019366,0.867666145451529,0,0.867793446299109,0.0162072365243708,-0.496661189224377,0,-0.00609021144078648,0.999739621647348,0.0219827342518619,0,0.0937932878732681,0.182088255882263,0.0644566267728805,1
			} 
		}
		PoseNode:  {
			Node: 2079072212784
			Matrix: *16 {
				a: 0.999997128684751,0.00235203774033157,-0.000458847165297298,0,-0.00223365352035226,0.845492760905807,-0.533982211358981,0,-0.000867994201951526,0.533981607549931,0.845495435680536,0,-1.92085281014442e-08,0.0556504726409914,-0.0113916993141173,1
			} 
		}
		PoseNode:  {
			Node: 2079072198784
			Matrix: *16 {
				a: 0.99999410173589,-0.00125088003837449,-0.00319871733050036,0,0.00281375360197934,0.832434055483098,0.55411644084639,0,0.00196958804498261,-0.554122172923685,0.832432665235398,0,7.38873495718972e-09,0.224724769592285,0.000540766865015028,1
			} 
		}
		PoseNode:  {
			Node: 2079072206784
			Matrix: *16 {
				a: 0.999998890190138,-0.000317182144452861,-0.0014556833377346,0,0.000317076645242382,0.999999947088248,-7.27042206643512e-05,0,0.00145570649472618,7.22425853992258e-05,0.999999057058657,0,9.61590558291024e-08,0.201338052749634,-1.84401869773865e-07,1
			} 
		}
		PoseNode:  {
			Node: 2079072210784
			Matrix: *16 {
				a: 0.999966345511127,0.00120933905033693,0.00811451441450916,0,-0.000282429184392787,0.993564131214806,-0.113270637841956,0,-0.00819927160393638,0.113264513747571,0.993530857217256,0,6.07542460785671e-09,0.151700258255005,-2.98023223876953e-08,1
			} 
		}
		PoseNode:  {
			Node: 2079072202784
			Matrix: *16 {
				a: 0.99999961671005,0.000321121361985362,0.000814531045280114,0,-0.000190170472528338,0.987765509167436,-0.155945199049377,0,-0.000854643007387611,0.155944984377396,0.987765191634645,0,1.92917468666556e-08,0.126577973365784,4.4703483581543e-08,1
			} 
		}
		PoseNode:  {
			Node: 2079072204784
			Matrix: *16 {
				a: 0.999999999614172,-2.34358175879457e-05,1.49137021038909e-05,0,-2.01817070100623e-05,-0.244021774863834,0.969769752562433,0,-1.90880789661785e-05,-0.969769752489253,-0.244021775242658,0,-2.76703553936386e-06,0.0539899058640003,0.613244652748108,1
			} 
		}
	}
	AnimationStack: 2079069933472, "AnimStack::Idle", "" {
	}
	AnimationCurve: 2079072157248, "AnimCurve::", "" {
		Default: 0
		KeyVer: 4009
		KeyTime: *181 {
			a: 0,1539538600,3079077200,4618615800,6158154400,7697693000,9237231600,10776770200,12316308800,13855847400,15395386000,16934924600,18474463200,20014001800,21553540400,23093079000,24632617600,26172156200,27711694800,29251233400,30790772000,32330310600,33869849200,35409387800,36948926400,38488465000,40028003600,41567542200,43107080800,44646619400,46186158000,47725696600,49265235200,50804773800,52344312400,53883851000,55423389600,56962928200,58502466800,60042005400,61581544000,63121082600,64660621200,66200159800,67739698400,69279237000,70818775600,72358314200,73897852800,75437391400,76976930000,78516468600,80056007200,81595545800,83135084400,84674623000,86214161600,87753700200,89293238800,90832777400,92372316000,93911854600,95451393200,96990931800,98530470400,100070009000,101609547600,103149086200,104688624800,106228163400,107767702000,109307240600,110846779200,112386317800,113925856400,115465395000,117004933600,118544472200,120084010800,121623549400,123163088000,124702626600,126242165200,127781703800,129321242400,130860781000,132400319600,133939858200,135479396800,137018935400,138558474000,140098012600,141637551200,143177089800,144716628400,146256167000,147795705600,149335244200,150874782800,152414321400,153953860000,155493398600,157032937200,158572475800,160112014400,161651553000,163191091600,164730630200,166270168800,167809707400,169349246000,170888784600,172428323200,173967861800,175507400400,177046939000,178586477600,180126016200,181665554800,183205093400,184744632000,186284170600,187823709200,189363247800,190902786400,192442325000,193981863600,195521402200,197060940800,198600479400,200140018000,201679556600,203219095200,204758633800,206298172400,207837711000,209377249600,210916788200,212456326800,213995865400,215535404000,217074942600,218614481200,220154019800,221693558400,223233097000,224772635600,226312174200,227851712800,229391251400,230930790000,232470328600,234009867200,235549405800,237088944400,238628483000,240168021600,241707560200,243247098800,244786637400,246326176000,247865714600,249405253200,
250944791800,252484330400,254023869000,255563407600,257102946200,258642484800,260182023400,261721562000,263261100600,264800639200,266340177800,267879716400,269419255000,270958793600,272498332200,274037870800,275577409400,277116948000
		} 
		KeyValueFloat: *181 {
			a: 0,0,0,0,0,0,0,0,0,0,0,0,0,0,0,0,0,0,0,0,0,0,0,0,0,0,0,0,0,0,0,0,0,0,0,0,0,0,0,0,0,0,0,0,0,0,0,0,0,0,0,0,0,0,0,0,0,0,0,0,0,0,0,0,0,0,0,0,0,0,0,0,0,0,0,0,0,0,0,0,0,0,0,0,0,0,0,0,0,0,0,0,0,0,0,0,0,0,0,0,0,0,0,0,0,0,0,0,0,0,0,0,0,0,0,0,0,0,0,0,0,0,0,0,0,0,0,0,0,0,0,0,0,0,0,0,0,0,0,0,0,0,0,0,0,0,0,0,0,0,0,0,0,0,0,0,0,0,0,0,0,0,0,0,0,0,0,0,0,0,0,0,0,0,0,0,0,0,0,0,0
		} 
		;KeyAttrFlags: Cubic|TangeantAuto|GenericTimeIndependent, Cubic|TangeantAuto|GenericTimeIndependent, Cubic|TangeantAuto|GenericTimeIndependent, Cubic|TangeantAuto|GenericTimeIndependent, Cubic|TangeantAuto|GenericTimeIndependent, Cubic|TangeantAuto|GenericTimeIndependent, Cubic|TangeantAuto|GenericTimeIndependent, Cubic|TangeantAuto|GenericTimeIndependent, Cubic|TangeantAuto|GenericTimeIndependent, Cubic|TangeantAuto|GenericTimeIndependent, Cubic|TangeantAuto|GenericTimeIndependent, Cubic|TangeantAuto|GenericTimeIndependent, Cubic|TangeantAuto|GenericTimeIndependent, Cubic|TangeantAuto|GenericTimeIndependent, Cubic|TangeantAuto|GenericTimeIndependent, Cubic|TangeantAuto|GenericTimeIndependent, Cubic|TangeantAuto|GenericTimeIndependent, Cubic|TangeantAuto|GenericTimeIndependent, Cubic|TangeantAuto|GenericTimeIndependent, Cubic|TangeantAuto|GenericTimeIndependent, Cubic|TangeantAuto|GenericTimeIndependent, Cubic|TangeantAuto|GenericTimeIndependent, Cubic|TangeantAuto|GenericTimeIndependent, Cubic|TangeantAuto|GenericTimeIndependent, Cubic|TangeantAuto|GenericTimeIndependent, Cubic|TangeantAuto|GenericTimeIndependent, Cubic|TangeantAuto|GenericTimeIndependent, Cubic|TangeantAuto|GenericTimeIndependent, Cubic|TangeantAuto|GenericTimeIndependent, Cubic|TangeantAuto|GenericTimeIndependent, Cubic|TangeantAuto|GenericTimeIndependent, Cubic|TangeantAuto|GenericTimeIndependent, Cubic|TangeantAuto|GenericTimeIndependent, Cubic|TangeantAuto|GenericTimeIndependent, Cubic|TangeantAuto|GenericTimeIndependent, Cubic|TangeantAuto|GenericTimeIndependent, Cubic|TangeantAuto|GenericTimeIndependent, Cubic|TangeantAuto|GenericTimeIndependent, Cubic|TangeantAuto|GenericTimeIndependent, Cubic|TangeantAuto|GenericTimeIndependent, Cubic|TangeantAuto|GenericTimeIndependent, Cubic|TangeantAuto|GenericTimeIndependent, Cubic|TangeantAuto|GenericTimeIndependent, Cubic|TangeantAuto|GenericTimeIndependent, Cubic|TangeantAuto|GenericTimeIndependent, Cubic|TangeantAuto|GenericTimeIndependent, Cubic|TangeantAuto|GenericTimeIndependent, Cubic|TangeantAuto|GenericTimeIndependent, 
		;Cubic|TangeantAuto|GenericTimeIndependent, Cubic|TangeantAuto|GenericTimeIndependent, Cubic|TangeantAuto|GenericTimeIndependent, Cubic|TangeantAuto|GenericTimeIndependent, Cubic|TangeantAuto|GenericTimeIndependent, Cubic|TangeantAuto|GenericTimeIndependent, Cubic|TangeantAuto|GenericTimeIndependent, Cubic|TangeantAuto|GenericTimeIndependent, Cubic|TangeantAuto|GenericTimeIndependent, Cubic|TangeantAuto|GenericTimeIndependent, Cubic|TangeantAuto|GenericTimeIndependent, Cubic|TangeantAuto|GenericTimeIndependent, Cubic|TangeantAuto|GenericTimeIndependent, Cubic|TangeantAuto|GenericTimeIndependent, Cubic|TangeantAuto|GenericTimeIndependent, Cubic|TangeantAuto|GenericTimeIndependent, Cubic|TangeantAuto|GenericTimeIndependent, Cubic|TangeantAuto|GenericTimeIndependent, Cubic|TangeantAuto|GenericTimeIndependent, Cubic|TangeantAuto|GenericTimeIndependent, Cubic|TangeantAuto|GenericTimeIndependent, Cubic|TangeantAuto|GenericTimeIndependent, Cubic|TangeantAuto|GenericTimeIndependent, Cubic|TangeantAuto|GenericTimeIndependent, Cubic|TangeantAuto|GenericTimeIndependent, Cubic|TangeantAuto|GenericTimeIndependent, Cubic|TangeantAuto|GenericTimeIndependent, Cubic|TangeantAuto|GenericTimeIndependent, Cubic|TangeantAuto|GenericTimeIndependent, Cubic|TangeantAuto|GenericTimeIndependent, Cubic|TangeantAuto|GenericTimeIndependent, Cubic|TangeantAuto|GenericTimeIndependent, Cubic|TangeantAuto|GenericTimeIndependent, Cubic|TangeantAuto|GenericTimeIndependent, Cubic|TangeantAuto|GenericTimeIndependent, Cubic|TangeantAuto|GenericTimeIndependent, Cubic|TangeantAuto|GenericTimeIndependent, Cubic|TangeantAuto|GenericTimeIndependent, Cubic|TangeantAuto|GenericTimeIndependent, Cubic|TangeantAuto|GenericTimeIndependent, Cubic|TangeantAuto|GenericTimeIndependent, Cubic|TangeantAuto|GenericTimeIndependent, Cubic|TangeantAuto|GenericTimeIndependent, Cubic|TangeantAuto|GenericTimeIndependent, Cubic|TangeantAuto|GenericTimeIndependent, Cubic|TangeantAuto|GenericTimeIndependent, Cubic|TangeantAuto|GenericTimeIndependent, Cubic|TangeantAuto|GenericTimeIndependent, 
