; FBX 7.5.0 project file
; ----------------------------------------------------

FBXHeaderExtension:  {
	FBXHeaderVersion: 1003
	FBXVersion: 7500
	CreationTimeStamp:  {
		Version: 1000
		Year: 2020
		Month: 11
		Day: 30
		Hour: 15
		Minute: 19
		Second: 52
		Millisecond: 690
	}
	Creator: "FBX SDK/FBX Plugins version 2019.0"
	SceneInfo: "SceneInfo::GlobalInfo", "UserData" {
		Type: "UserData"
		Version: 100
		MetaData:  {
			Version: 100
			Title: ""
			Subject: ""
			Author: ""
			Keywords: ""
			Revision: ""
			Comment: ""
		}
		Properties70:  {
			P: "DocumentUrl", "KString", "Url", "", "C:\Users\Stegobubbles_art\Desktop\walk.fbx"
			P: "SrcDocumentUrl", "KString", "Url", "", "C:\Users\Stegobubbles_art\Desktop\walk.fbx"
			P: "Original", "Compound", "", ""
			P: "Original|ApplicationVendor", "KString", "", "", ""
			P: "Original|ApplicationName", "KString", "", "", ""
			P: "Original|ApplicationVersion", "KString", "", "", ""
			P: "Original|DateTime_GMT", "DateTime", "", "", ""
			P: "Original|FileName", "KString", "", "", ""
			P: "LastSaved", "Compound", "", ""
			P: "LastSaved|ApplicationVendor", "KString", "", "", ""
			P: "LastSaved|ApplicationName", "KString", "", "", ""
			P: "LastSaved|ApplicationVersion", "KString", "", "", ""
			P: "LastSaved|DateTime_GMT", "DateTime", "", "", ""
		}
	}
}
GlobalSettings:  {
	Version: 1000
	Properties70:  {
		P: "UpAxis", "int", "Integer", "",1
		P: "UpAxisSign", "int", "Integer", "",1
		P: "FrontAxis", "int", "Integer", "",2
		P: "FrontAxisSign", "int", "Integer", "",1
		P: "CoordAxis", "int", "Integer", "",0
		P: "CoordAxisSign", "int", "Integer", "",1
		P: "OriginalUpAxis", "int", "Integer", "",-1
		P: "OriginalUpAxisSign", "int", "Integer", "",1
		P: "UnitScaleFactor", "double", "Number", "",1
		P: "OriginalUnitScaleFactor", "double", "Number", "",1
		P: "AmbientColor", "ColorRGB", "Color", "",0,0,0
		P: "DefaultCamera", "KString", "", "", "Producer Perspective"
		P: "TimeMode", "enum", "", "",0
		P: "TimeProtocol", "enum", "", "",2
		P: "SnapOnFrameMode", "enum", "", "",0
		P: "TimeSpanStart", "KTime", "Time", "",0
		P: "TimeSpanStop", "KTime", "Time", "",46186158000
		P: "CustomFrameRate", "double", "Number", "",-1
		P: "TimeMarker", "Compound", "", ""
		P: "CurrentTimeMarker", "int", "Integer", "",-1
	}
}

; Documents Description
;------------------------------------------------------------------

Documents:  {
	Count: 1
	Document: 1701766514576, "myScene", "Scene" {
		Properties70:  {
			P: "SourceObject", "object", "", ""
			P: "ActiveAnimStackName", "KString", "", "", ""
		}
		RootNode: 0
	}
}

; Document References
;------------------------------------------------------------------

References:  {
}

; Object definitions
;------------------------------------------------------------------

Definitions:  {
	Version: 100
	Count: 325
	ObjectType: "GlobalSettings" {
		Count: 1
	}
	ObjectType: "NodeAttribute" {
		Count: 22
		PropertyTemplate: "FbxSkeleton" {
			Properties70:  {
				P: "Color", "ColorRGB", "Color", "",0.8,0.8,0.8
				P: "Size", "double", "Number", "",100
				P: "LimbLength", "double", "Number", "H",1
			}
		}
	}
	ObjectType: "Model" {
		Count: 23
		PropertyTemplate: "FbxNode" {
			Properties70:  {
				P: "QuaternionInterpolate", "enum", "", "",0
				P: "RotationOffset", "Vector3D", "Vector", "",0,0,0
				P: "RotationPivot", "Vector3D", "Vector", "",0,0,0
				P: "ScalingOffset", "Vector3D", "Vector", "",0,0,0
				P: "ScalingPivot", "Vector3D", "Vector", "",0,0,0
				P: "TranslationActive", "bool", "", "",0
				P: "TranslationMin", "Vector3D", "Vector", "",0,0,0
				P: "TranslationMax", "Vector3D", "Vector", "",0,0,0
				P: "TranslationMinX", "bool", "", "",0
				P: "TranslationMinY", "bool", "", "",0
				P: "TranslationMinZ", "bool", "", "",0
				P: "TranslationMaxX", "bool", "", "",0
				P: "TranslationMaxY", "bool", "", "",0
				P: "TranslationMaxZ", "bool", "", "",0
				P: "RotationOrder", "enum", "", "",0
				P: "RotationSpaceForLimitOnly", "bool", "", "",0
				P: "RotationStiffnessX", "double", "Number", "",0
				P: "RotationStiffnessY", "double", "Number", "",0
				P: "RotationStiffnessZ", "double", "Number", "",0
				P: "AxisLen", "double", "Number", "",10
				P: "PreRotation", "Vector3D", "Vector", "",0,0,0
				P: "PostRotation", "Vector3D", "Vector", "",0,0,0
				P: "RotationActive", "bool", "", "",0
				P: "RotationMin", "Vector3D", "Vector", "",0,0,0
				P: "RotationMax", "Vector3D", "Vector", "",0,0,0
				P: "RotationMinX", "bool", "", "",0
				P: "RotationMinY", "bool", "", "",0
				P: "RotationMinZ", "bool", "", "",0
				P: "RotationMaxX", "bool", "", "",0
				P: "RotationMaxY", "bool", "", "",0
				P: "RotationMaxZ", "bool", "", "",0
				P: "InheritType", "enum", "", "",0
				P: "ScalingActive", "bool", "", "",0
				P: "ScalingMin", "Vector3D", "Vector", "",0,0,0
				P: "ScalingMax", "Vector3D", "Vector", "",1,1,1
				P: "ScalingMinX", "bool", "", "",0
				P: "ScalingMinY", "bool", "", "",0
				P: "ScalingMinZ", "bool", "", "",0
				P: "ScalingMaxX", "bool", "", "",0
				P: "ScalingMaxY", "bool", "", "",0
				P: "ScalingMaxZ", "bool", "", "",0
				P: "GeometricTranslation", "Vector3D", "Vector", "",0,0,0
				P: "GeometricRotation", "Vector3D", "Vector", "",0,0,0
				P: "GeometricScaling", "Vector3D", "Vector", "",1,1,1
				P: "MinDampRangeX", "double", "Number", "",0
				P: "MinDampRangeY", "double", "Number", "",0
				P: "MinDampRangeZ", "double", "Number", "",0
				P: "MaxDampRangeX", "double", "Number", "",0
				P: "MaxDampRangeY", "double", "Number", "",0
				P: "MaxDampRangeZ", "double", "Number", "",0
				P: "MinDampStrengthX", "double", "Number", "",0
				P: "MinDampStrengthY", "double", "Number", "",0
				P: "MinDampStrengthZ", "double", "Number", "",0
				P: "MaxDampStrengthX", "double", "Number", "",0
				P: "MaxDampStrengthY", "double", "Number", "",0
				P: "MaxDampStrengthZ", "double", "Number", "",0
				P: "PreferedAngleX", "double", "Number", "",0
				P: "PreferedAngleY", "double", "Number", "",0
				P: "PreferedAngleZ", "double", "Number", "",0
				P: "LookAtProperty", "object", "", ""
				P: "UpVectorProperty", "object", "", ""
				P: "Show", "bool", "", "",1
				P: "NegativePercentShapeSupport", "bool", "", "",1
				P: "DefaultAttributeIndex", "int", "Integer", "",-1
				P: "Freeze", "bool", "", "",0
				P: "LODBox", "bool", "", "",0
				P: "Lcl Translation", "Lcl Translation", "", "A",0,0,0
				P: "Lcl Rotation", "Lcl Rotation", "", "A",0,0,0
				P: "Lcl Scaling", "Lcl Scaling", "", "A",1,1,1
				P: "Visibility", "Visibility", "", "A",1
				P: "Visibility Inheritance", "Visibility Inheritance", "", "",1
			}
		}
	}
	ObjectType: "Pose" {
		Count: 1
	}
	ObjectType: "AnimationStack" {
		Count: 1
		PropertyTemplate: "FbxAnimStack" {
			Properties70:  {
				P: "Description", "KString", "", "", ""
				P: "LocalStart", "KTime", "Time", "",0
				P: "LocalStop", "KTime", "Time", "",0
				P: "ReferenceStart", "KTime", "Time", "",0
				P: "ReferenceStop", "KTime", "Time", "",0
			}
		}
	}
	ObjectType: "AnimationLayer" {
		Count: 1
		PropertyTemplate: "FbxAnimLayer" {
			Properties70:  {
				P: "Weight", "Number", "", "A",100
				P: "Mute", "bool", "", "",0
				P: "Solo", "bool", "", "",0
				P: "Lock", "bool", "", "",0
				P: "Color", "ColorRGB", "Color", "",0.8,0.8,0.8
				P: "BlendMode", "enum", "", "",0
				P: "RotationAccumulationMode", "enum", "", "",0
				P: "ScaleAccumulationMode", "enum", "", "",0
				P: "BlendModeBypass", "ULongLong", "", "",0
			}
		}
	}
	ObjectType: "AnimationCurveNode" {
		Count: 69
		PropertyTemplate: "FbxAnimCurveNode" {
			Properties70:  {
				P: "d", "Compound", "", ""
			}
		}
	}
	ObjectType: "AnimationCurve" {
		Count: 207
	}
}

; Object properties
;------------------------------------------------------------------

Objects:  {
	NodeAttribute: 1701766819520, "NodeAttribute::toe.R", "LimbNode" {
		TypeFlags: "Skeleton"
	}
	NodeAttribute: 1701768259952, "NodeAttribute::foot.R", "LimbNode" {
		TypeFlags: "Skeleton"
	}
	NodeAttribute: 1701768260144, "NodeAttribute::shin.R", "LimbNode" {
		TypeFlags: "Skeleton"
	}
	NodeAttribute: 1701768260336, "NodeAttribute::thigh.R", "LimbNode" {
		TypeFlags: "Skeleton"
	}
	NodeAttribute: 1701768260528, "NodeAttribute::toe.L", "LimbNode" {
		TypeFlags: "Skeleton"
	}
	NodeAttribute: 1701768289536, "NodeAttribute::foot.L", "LimbNode" {
		TypeFlags: "Skeleton"
	}
	NodeAttribute: 1701768289728, "NodeAttribute::shin.L", "LimbNode" {
		TypeFlags: "Skeleton"
	}
	NodeAttribute: 1701768289920, "NodeAttribute::thigh.L", "LimbNode" {
		TypeFlags: "Skeleton"
	}
	NodeAttribute: 1701768290112, "NodeAttribute::hand.R", "LimbNode" {
		TypeFlags: "Skeleton"
	}
	NodeAttribute: 1701768323168, "NodeAttribute::forearm.R", "LimbNode" {
		TypeFlags: "Skeleton"
	}
	NodeAttribute: 1701768324896, "NodeAttribute::upper_arm.R", "LimbNode" {
		TypeFlags: "Skeleton"
	}
	NodeAttribute: 1701768325856, "NodeAttribute::shoulder.R", "LimbNode" {
		TypeFlags: "Skeleton"
	}
	NodeAttribute: 1701768323936, "NodeAttribute::hand.L", "LimbNode" {
		TypeFlags: "Skeleton"
	}
	NodeAttribute: 1701768326048, "NodeAttribute::forearm.L", "LimbNode" {
		TypeFlags: "Skeleton"
	}
	NodeAttribute: 1701768325088, "NodeAttribute::upper_arm.L", "LimbNode" {
		TypeFlags: "Skeleton"
	}
	NodeAttribute: 1701768325280, "NodeAttribute::shoulder.L", "LimbNode" {
		TypeFlags: "Skeleton"
	}
	NodeAttribute: 1701768324512, "NodeAttribute::head", "LimbNode" {
		TypeFlags: "Skeleton"
	}
	NodeAttribute: 1701768324704, "NodeAttribute::neck", "LimbNode" {
		TypeFlags: "Skeleton"
	}
	NodeAttribute: 1701768323360, "NodeAttribute::spine.003", "LimbNode" {
		TypeFlags: "Skeleton"
	}
	NodeAttribute: 1701768325472, "NodeAttribute::spine.002", "LimbNode" {
		TypeFlags: "Skeleton"
	}
	NodeAttribute: 1701768326240, "NodeAttribute::spine.001", "LimbNode" {
		TypeFlags: "Skeleton"
	}
	NodeAttribute: 1701768324128, "NodeAttribute::pelvis", "Root" {
		TypeFlags: "Null", "Skeleton", "Root"
	}
	Model: 1701768328784, "Model::metarig", "Null" {
		Version: 232
		Properties70:  {
			P: "RotationActive", "bool", "", "",1
			P: "InheritType", "enum", "", "",1
			P: "ScalingMax", "Vector3D", "Vector", "",0,0,0
			P: "Lcl Rotation", "Lcl Rotation", "", "A+",-90.0000076293945,-5.00895612276508e-06,5.00895657751244e-06
			P: "Lcl Scaling", "Lcl Scaling", "", "A+",100,100,100
		}
		Shading: Y
		Culling: "CullingOff"
	}
	Model: 1701768226848, "Model::toe.R", "LimbNode" {
		Version: 232
		Properties70:  {
			P: "RotationActive", "bool", "", "",1
			P: "InheritType", "enum", "", "",1
			P: "ScalingMax", "Vector3D", "Vector", "",0,0,0
			P: "DefaultAttributeIndex", "int", "Integer", "",0
			P: "Lcl Translation", "Lcl Translation", "", "A+",-1.49011611938477e-08,0.173092007637024,7.45058059692383e-08
			P: "Lcl Rotation", "Lcl Rotation", "", "A+",-122.349517822266,0.0725643932819366,176.082962036133
			P: "Lcl Scaling", "Lcl Scaling", "", "A+",1.00000011920929,1.00000035762787,0.999999821186066
		}
		Shading: Y
		Culling: "CullingOff"
	}
	Model: 1701768228848, "Model::foot.R", "LimbNode" {
		Version: 232
		Properties70:  {
			P: "RotationActive", "bool", "", "",1
			P: "InheritType", "enum", "", "",1
			P: "ScalingMax", "Vector3D", "Vector", "",0,0,0
			P: "DefaultAttributeIndex", "int", "Integer", "",0
			P: "Lcl Translation", "Lcl Translation", "", "A+",5.96046447753906e-08,0.204010993242264,-1.49011611938477e-08
			P: "Lcl Rotation", "Lcl Rotation", "", "A+",-51.0859985351563,13.1779327392578,-1.67623901367188
			P: "Lcl Scaling", "Lcl Scaling", "", "A+",0.999999821186066,0.999999821186066,0.999999523162842
		}
		Shading: Y
		Culling: "CullingOff"
	}
	Model: 1701768230848, "Model::shin.R", "LimbNode" {
		Version: 232
		Properties70:  {
			P: "RotationActive", "bool", "", "",1
			P: "InheritType", "enum", "", "",1
			P: "ScalingMax", "Vector3D", "Vector", "",0,0,0
			P: "DefaultAttributeIndex", "int", "Integer", "",0
			P: "Lcl Translation", "Lcl Translation", "", "A+",-2.98023223876953e-08,0.253830581903458,1.49011611938477e-08
			P: "Lcl Rotation", "Lcl Rotation", "", "A+",39.271240234375,-0.05316162109375,-0.487503051757813
			P: "Lcl Scaling", "Lcl Scaling", "", "A+",0.999999821186066,1.00000011920929,0.999999821186066
		}
		Shading: Y
		Culling: "CullingOff"
	}
	Model: 1701768232848, "Model::thigh.R", "LimbNode" {
		Version: 232
		Properties70:  {
			P: "RotationActive", "bool", "", "",1
			P: "InheritType", "enum", "", "",1
			P: "ScalingMax", "Vector3D", "Vector", "",0,0,0
			P: "DefaultAttributeIndex", "int", "Integer", "",0
			P: "Lcl Translation", "Lcl Translation", "", "A+",-0.197207286953926,-0.000903964042663574,0.0360930599272251
			P: "Lcl Rotation", "Lcl Rotation", "", "A+",161.0302734375,0.008056640625,-4.26515197753906
			P: "Lcl Scaling", "Lcl Scaling", "", "A+",1,0.999999821186066,0.999998211860657
		}
		Shading: Y
		Culling: "CullingOff"
	}
	Model: 1701768234848, "Model::toe.L", "LimbNode" {
		Version: 232
		Properties70:  {
			P: "RotationActive", "bool", "", "",1
			P: "InheritType", "enum", "", "",1
			P: "ScalingMax", "Vector3D", "Vector", "",0,0,0
			P: "DefaultAttributeIndex", "int", "Integer", "",0
			P: "Lcl Translation", "Lcl Translation", "", "A+",-2.98023223876953e-08,0.173092037439346,5.96046447753906e-08
			P: "Lcl Rotation", "Lcl Rotation", "", "A+",-121.339820861816,-0.14166259765625,-176.03987121582
			P: "Lcl Scaling", "Lcl Scaling", "", "A+",0.999999701976776,0.999999523162842,1
		}
		Shading: Y
		Culling: "CullingOff"
	}
	Model: 1701768236848, "Model::foot.L", "LimbNode" {
		Version: 232
		Properties70:  {
			P: "RotationActive", "bool", "", "",1
			P: "InheritType", "enum", "", "",1
			P: "ScalingMax", "Vector3D", "Vector", "",0,0,0
			P: "DefaultAttributeIndex", "int", "Integer", "",0
			P: "Lcl Translation", "Lcl Translation", "", "A+",5.96046447753906e-08,0.20401132106781,-4.4703483581543e-07
			P: "Lcl Rotation", "Lcl Rotation", "", "A+",-49.9068450927734,-13.3261108398438,-0.429824829101563
			P: "Lcl Scaling", "Lcl Scaling", "", "A+",1,0.999999701976776,0.999999701976776
		}
		Shading: Y
		Culling: "CullingOff"
	}
	Model: 1701768238848, "Model::shin.L", "LimbNode" {
		Version: 232
		Properties70:  {
			P: "RotationActive", "bool", "", "",1
			P: "InheritType", "enum", "", "",1
			P: "ScalingMax", "Vector3D", "Vector", "",0,0,0
			P: "DefaultAttributeIndex", "int", "Integer", "",0
			P: "Lcl Translation", "Lcl Translation", "", "A+",-7.45058059692383e-08,0.25383073091507,-5.96046447753906e-08
			P: "Lcl Rotation", "Lcl Rotation", "", "A+",95.8910446166992,-0.622069716453552,0.766060173511505
			P: "Lcl Scaling", "Lcl Scaling", "", "A+",0.999999821186066,0.999999821186066,1
		}
		Shading: Y
		Culling: "CullingOff"
	}
	Model: 1701768398976, "Model::thigh.L", "LimbNode" {
		Version: 232
		Properties70:  {
			P: "RotationActive", "bool", "", "",1
			P: "InheritType", "enum", "", "",1
			P: "ScalingMax", "Vector3D", "Vector", "",0,0,0
			P: "DefaultAttributeIndex", "int", "Integer", "",0
			P: "Lcl Translation", "Lcl Translation", "", "A+",0.197207272052765,-0.000903964042663574,0.0360933355987072
			P: "Lcl Rotation", "Lcl Rotation", "", "A+",129.659469604492,0.62060546875,-2.04824829101563
			P: "Lcl Scaling", "Lcl Scaling", "", "A+",1,1,0.999997913837433
		}
		Shading: Y
		Culling: "CullingOff"
	}
	Model: 1701768400976, "Model::hand.R", "LimbNode" {
		Version: 232
		Properties70:  {
			P: "RotationActive", "bool", "", "",1
			P: "InheritType", "enum", "", "",1
			P: "ScalingMax", "Vector3D", "Vector", "",0,0,0
			P: "DefaultAttributeIndex", "int", "Integer", "",0
			P: "Lcl Translation", "Lcl Translation", "", "A+",2.98023223876953e-07,0.257812052965164,2.68220901489258e-07
			P: "Lcl Rotation", "Lcl Rotation", "", "A+",4.24452209472656,27.2251739501953,-3.31536865234375
			P: "Lcl Scaling", "Lcl Scaling", "", "A+",0.999999821186066,0.999999821186066,1
		}
		Shading: Y
		Culling: "CullingOff"
	}
	Model: 1701768404976, "Model::forearm.R", "LimbNode" {
		Version: 232
		Properties70:  {
			P: "RotationActive", "bool", "", "",1
			P: "InheritType", "enum", "", "",1
			P: "ScalingMax", "Vector3D", "Vector", "",0,0,0
			P: "DefaultAttributeIndex", "int", "Integer", "",0
			P: "Lcl Translation", "Lcl Translation", "", "A+",-5.96046447753906e-08,0.299301445484161,4.4703483581543e-08
			P: "Lcl Rotation", "Lcl Rotation", "", "A+",44.2159881591797,4.26913356781006,0.590462684631348
			P: "Lcl Scaling", "Lcl Scaling", "", "A+",1.00000011920929,0.999999821186066,0.999999821186066
		}
		Shading: Y
		Culling: "CullingOff"
	}
	Model: 1701768390976, "Model::upper_arm.R", "LimbNode" {
		Version: 232
		Properties70:  {
			P: "RotationActive", "bool", "", "",1
			P: "InheritType", "enum", "", "",1
			P: "ScalingMax", "Vector3D", "Vector", "",0,0,0
			P: "DefaultAttributeIndex", "int", "Integer", "",0
			P: "Lcl Translation", "Lcl Translation", "", "A+",-0.0285398587584496,0.200923934578896,-0.0224119424819946
			P: "Lcl Rotation", "Lcl Rotation", "", "A+",-103.612121582031,-37.6594200134277,116.208251953125
			P: "Lcl Scaling", "Lcl Scaling", "", "A+",0.999999821186066,0.999999821186066,1.00000011920929
		}
		Shading: Y
		Culling: "CullingOff"
	}
	Model: 1701768396976, "Model::shoulder.R", "LimbNode" {
		Version: 232
		Properties70:  {
			P: "RotationActive", "bool", "", "",1
			P: "InheritType", "enum", "", "",1
			P: "ScalingMax", "Vector3D", "Vector", "",0,0,0
			P: "DefaultAttributeIndex", "int", "Integer", "",0
			P: "Lcl Translation", "Lcl Translation", "", "A+",-0.0937932580709457,0.182089567184448,0.0644565224647522
			P: "Lcl Rotation", "Lcl Rotation", "", "A+",-99.404411315918,74.4219131469727,-0.175262451171875
			P: "Lcl Scaling", "Lcl Scaling", "", "A+",0.999999821186066,0.999999821186066,0.999999821186066
		}
		Shading: Y
		Culling: "CullingOff"
	}
	Model: 1701768402976, "Model::hand.L", "LimbNode" {
		Version: 232
		Properties70:  {
			P: "RotationActive", "bool", "", "",1
			P: "InheritType", "enum", "", "",1
			P: "ScalingMax", "Vector3D", "Vector", "",0,0,0
			P: "DefaultAttributeIndex", "int", "Integer", "",0
			P: "Lcl Translation", "Lcl Translation", "", "A+",1.78813934326172e-07,0.257812052965164,3.72529029846191e-07
			P: "Lcl Rotation", "Lcl Rotation", "", "A+",1.28559470176697,-23.2450065612793,6.45060920715332
			P: "Lcl Scaling", "Lcl Scaling", "", "A+",0.999999821186066,0.999999821186066,0.999999821186066
		}
		Shading: Y
		Culling: "CullingOff"
	}
	Model: 1701768392976, "Model::forearm.L", "LimbNode" {
		Version: 232
		Properties70:  {
			P: "RotationActive", "bool", "", "",1
			P: "InheritType", "enum", "", "",1
			P: "ScalingMax", "Vector3D", "Vector", "",0,0,0
			P: "DefaultAttributeIndex", "int", "Integer", "",0
			P: "Lcl Translation", "Lcl Translation", "", "A+",2.38418579101563e-07,0.299301564693451,2.38418579101563e-07
			P: "Lcl Rotation", "Lcl Rotation", "", "A+",34.0690155029297,-4.36349487304688,-0.4744873046875
			P: "Lcl Scaling", "Lcl Scaling", "", "A+",1.00000011920929,1,1
		}
		Shading: Y
		Culling: "CullingOff"
	}
	Model: 1701768394976, "Model::upper_arm.L", "LimbNode" {
		Version: 232
		Properties70:  {
			P: "RotationActive", "bool", "", "",1
			P: "InheritType", "enum", "", "",1
			P: "ScalingMax", "Vector3D", "Vector", "",0,0,0
			P: "DefaultAttributeIndex", "int", "Integer", "",0
			P: "Lcl Translation", "Lcl Translation", "", "A+",0.028539851307869,0.200924143195152,-0.0224124193191528
			P: "Lcl Rotation", "Lcl Rotation", "", "A+",-103.814933776855,43.1791687011719,-134.34619140625
			P: "Lcl Scaling", "Lcl Scaling", "", "A+",1,1.00000023841858,1.00000011920929
		}
		Shading: Y
		Culling: "CullingOff"
	}
	Model: 1701768454160, "Model::shoulder.L", "LimbNode" {
		Version: 232
		Properties70:  {
			P: "RotationActive", "bool", "", "",1
			P: "InheritType", "enum", "", "",1
			P: "ScalingMax", "Vector3D", "Vector", "",0,0,0
			P: "DefaultAttributeIndex", "int", "Integer", "",0
			P: "Lcl Translation", "Lcl Translation", "", "A+",0.0937932431697845,0.182089567184448,0.0644566789269447
			P: "Lcl Rotation", "Lcl Rotation", "", "A+",-91.9433898925781,-54.2878265380859,-9.11788940429688
			P: "Lcl Scaling", "Lcl Scaling", "", "A+",1,1.00000023841858,0.999999821186066
		}
		Shading: Y
		Culling: "CullingOff"
	}
	Model: 1701768444160, "Model::head", "LimbNode" {
		Version: 232
		Properties70:  {
			P: "RotationActive", "bool", "", "",1
			P: "InheritType", "enum", "", "",1
			P: "ScalingMax", "Vector3D", "Vector", "",0,0,0
			P: "DefaultAttributeIndex", "int", "Integer", "",0
			P: "Lcl Translation", "Lcl Translation", "", "A+",-5.96046447753906e-08,0.055651068687439,-0.0113918781280518
			P: "Lcl Rotation", "Lcl Rotation", "", "A+",-41.2935638427734,-0.954071044921875,-3.99571228027344
			P: "Lcl Scaling", "Lcl Scaling", "", "A+",1,1,0.999999821186066
		}
		Shading: Y
		Culling: "CullingOff"
	}
	Model: 1701768468160, "Model::neck", "LimbNode" {
		Version: 232
		Properties70:  {
			P: "RotationActive", "bool", "", "",1
			P: "InheritType", "enum", "", "",1
			P: "ScalingMax", "Vector3D", "Vector", "",0,0,0
			P: "DefaultAttributeIndex", "int", "Integer", "",0
			P: "Lcl Translation", "Lcl Translation", "", "A+",7.07805156707764e-08,0.224725961685181,0.000540715642273426
			P: "Lcl Rotation", "Lcl Rotation", "", "A+",42.4603080749512,-3.04462862014771,4.86567354202271
			P: "Lcl Scaling", "Lcl Scaling", "", "A+",1,0.999999701976776,0.999999701976776
		}
		Shading: Y
		Culling: "CullingOff"
	}
	Model: 1701768452160, "Model::spine.003", "LimbNode" {
		Version: 232
		Properties70:  {
			P: "RotationActive", "bool", "", "",1
			P: "InheritType", "enum", "", "",1
			P: "ScalingMax", "Vector3D", "Vector", "",0,0,0
			P: "DefaultAttributeIndex", "int", "Integer", "",0
			P: "Lcl Translation", "Lcl Translation", "", "A+",2.04890966415405e-08,0.201339185237885,-2.23517417907715e-08
			P: "Lcl Rotation", "Lcl Rotation", "", "A+",-3.51393127441406,-1.21722412109375,-1.49166870117188
			P: "Lcl Scaling", "Lcl Scaling", "", "A+",1,1,1.00000011920929
		}
		Shading: Y
		Culling: "CullingOff"
	}
	Model: 1701768460160, "Model::spine.002", "LimbNode" {
		Version: 232
		Properties70:  {
			P: "RotationActive", "bool", "", "",1
			P: "InheritType", "enum", "", "",1
			P: "ScalingMax", "Vector3D", "Vector", "",0,0,0
			P: "DefaultAttributeIndex", "int", "Integer", "",0
			P: "Lcl Translation", "Lcl Translation", "", "A+",-9.54605638980865e-09,0.151700913906097,3.72529029846191e-08
			P: "Lcl Rotation", "Lcl Rotation", "", "A+",-0.902328491210938,-1.14814758300781,-0.438079833984375
			P: "Lcl Scaling", "Lcl Scaling", "", "A+",1,1,0.999999821186066
		}
		Shading: Y
		Culling: "CullingOff"
	}
	Model: 1701768470160, "Model::spine.001", "LimbNode" {
		Version: 232
		Properties70:  {
			P: "RotationActive", "bool", "", "",1
			P: "InheritType", "enum", "", "",1
			P: "ScalingMax", "Vector3D", "Vector", "",0,0,0
			P: "DefaultAttributeIndex", "int", "Integer", "",0
			P: "Lcl Translation", "Lcl Translation", "", "A+",1.49011611938477e-08,0.126578092575073,-5.02914190292358e-08
			P: "Lcl Rotation", "Lcl Rotation", "", "A+",5.11337280273438,2.77058410644531,-2.91950988769531
			P: "Lcl Scaling", "Lcl Scaling", "", "A+",1,0.999999821186066,0.999999821186066
		}
		Shading: Y
		Culling: "CullingOff"
	}
	Model: 1701768458160, "Model::pelvis", "Root" {
		Version: 232
		Properties70:  {
			P: "RotationActive", "bool", "", "",1
			P: "InheritType", "enum", "", "",1
			P: "ScalingMax", "Vector3D", "Vector", "",0,0,0
			P: "DefaultAttributeIndex", "int", "Integer", "",0
			P: "Lcl Translation", "Lcl Translation", "", "A+",0.00515072327107191,0.0435990132391453,0.614995002746582
			P: "Lcl Rotation", "Lcl Rotation", "", "A+",88.800163269043,-2.5914306640625,-0.15740966796875
		}
		Shading: Y
		Culling: "CullingOff"
	}
	Pose: 1701766737840, "Pose::BindPose", "BindPose" {
		Type: "BindPose"
		Version: 100
		NbPoseNodes: 23
		PoseNode:  {
			Node: 1701768328784
			Matrix: *16 {
				a: 99.9999999999992,8.74227843670181e-06,8.74227764301799e-06,0,8.74227880712267e-06,-1.33158046878718e-05,-99.9999999999987,0,-8.74227727259709e-06,99.9999999999987,-1.33158054521461e-05,0,0,0,0,1
			} 
		}
		PoseNode:  {
			Node: 1701768226848
			Matrix: *16 {
				a: -0.997663327923603,0.0683119209558169,-0.00126648739488652,0,0.0376199919345271,0.533759820228674,-0.844799328700115,0,-0.0570338274871725,-0.842872402313817,-0.535082141649356,0,-1.49011611938477e-08,0.173092007637024,7.45058059692383e-08,1
			} 
		}
		PoseNode:  {
			Node: 1701768228848
			Matrix: *16 {
				a: 0.973249950706245,-0.0284814196236647,-0.227975842050594,0,-0.158935183368622,0.633073140664018,-0.757599926365851,0,0.165902883954997,0.773567381034059,0.611611630384375,0,5.96046448309018e-08,0.204010993242264,-1.49011611799699e-08,1
			} 
		}
		PoseNode:  {
			Node: 1701768230848
			Matrix: *16 {
				a: 0.999963193408106,-0.0085084255204556,0.000927845024742097,0,0.0059995730884861,0.774135106379012,0.632992164732634,0,-0.00610404336793287,-0.632963224319217,0.774157567738084,0,-2.98023224154509e-08,0.253830581903458,1.49011612216032e-08,1
			} 
		}
		PoseNode:  {
			Node: 1701768232848
			Matrix: *16 {
				a: 0.997230542238809,-0.0743722115681598,-0.000140614905092802,0,-0.0702874965359868,-0.943074654839016,0.325068462947636,0,-0.0243086317329951,-0.324157794424045,-0.945688764056082,0,-0.197207286953926,-0.000903964042663685,0.0360930599272251,1
			} 
		}
		PoseNode:  {
			Node: 1701768234848
			Matrix: *16 {
				a: -0.997609004545178,-0.0690620363797702,0.00247247550006888,0,-0.0380268480440513,0.518724904194891,-0.854094537461601,0,0.0577030181128131,-0.852147082049569,-0.520111249883213,0,-2.98023223876953e-08,0.173092037439346,5.96046447892684e-08,1
			} 
		}
		PoseNode:  {
			Node: 1701768236848
			Matrix: *16 {
				a: 0.973046552289368,-0.00729979446401609,0.230493210482557,0,0.181153303152391,0.642691159390139,-0.744399730220516,0,-0.142701983646911,0.766090197449324,0.626690798710922,0,5.9604644747635e-08,0.20401132106781,-4.4703483581543e-07,1
			} 
		}
		PoseNode:  {
			Node: 1701768238848
			Matrix: *16 {
				a: 0.999851507287418,0.0133690835554265,0.0108569494854207,0,-0.00942640291967295,-0.102772259890938,0.994660066503662,0,0.0144134919271379,-0.994615064414652,-0.102631013294736,0,-7.45058059414827e-08,0.25383073091507,-5.96046447753906e-08,1
			} 
		}
		PoseNode:  {
			Node: 1701768398976
			Matrix: *16 {
				a: 0.999302460287421,-0.0357389661691378,-0.0108313969859879,0,-0.0144775458237175,-0.638113651154046,0.769806059262834,0,-0.034423663173112,-0.769110672426073,-0.638184622701985,0,0.197207272052765,-0.000903964042663685,0.0360933355987072,1
			} 
		}
		PoseNode:  {
			Node: 1701768400976
			Matrix: *16 {
				a: 0.887727050112812,-0.0514249332186251,-0.457488582495375,0,0.0914766845994068,0.993629823360487,0.0658136207442693,0,0.451189999720774,-0.100274106030124,0.886776571528493,0,2.98023223987975e-07,0.257812052965164,2.68220901489258e-07,1
			} 
		}
		PoseNode:  {
			Node: 1701768404976
			Matrix: *16 {
				a: 0.997172546254572,0.010276743393604,-0.074441520403521,0,0.0445241502475477,0.7172128317353,0.695430080174225,0,0.0605371629128422,-0.696778146166028,0.714727297158896,0,-5.96046448864129e-08,0.299301445484161,4.4703483581543e-08,1
			} 
		}
		PoseNode:  {
			Node: 1701768390976
			Matrix: *16 {
				a: -0.349623193461293,0.710269903040026,0.610966390075267,0,-0.0510924362170763,0.636696626026485,-0.769419659054835,0,-0.93549631188979,-0.300222862783739,-0.186314576781126,0,-0.0285398587584495,0.200923934578896,-0.0224119424819946,1
			} 
		}
		PoseNode:  {
			Node: 1701768396976
			Matrix: *16 {
				a: 0.268550128684916,-0.000821472384461626,-0.963265174258158,0,-0.950813873854664,-0.160494195039175,-0.264941942727793,0,-0.154380853867846,0.987036261195105,-0.0438818119177666,0,-0.0937932580709457,0.182089567184448,0.0644565224647522,1
			} 
		}
		PoseNode:  {
			Node: 1701768402976
			Matrix: *16 {
				a: 0.913008426667628,0.10322698928422,0.394663709871304,0,-0.121116989260619,0.992423976676875,0.02061474718409,0,-0.389545799770076,-0.0666219301156655,0.918594159942963,0,1.78813934326172e-07,0.257812052965164,3.72529029846191e-07,1
			} 
		}
		PoseNode:  {
			Node: 1701768392976
			Matrix: *16 {
				a: 0.99706735814275,-0.00825726821076499,0.0760837648025208,0,-0.035760080463637,0.828687951607325,0.558567359864583,0,-0.0676619316430244,-0.559649976680789,0.825962327595834,0,2.38418579101563e-07,0.299301564693451,2.38418579073807e-07,1
			} 
		}
		PoseNode:  {
			Node: 1701768394976
			Matrix: *16 {
				a: -0.509717205359953,-0.521484879275468,-0.684282026102607,0,0.293708006439988,0.642104403669816,-0.708122883811909,0,0.808655782490167,-0.561921460131099,-0.174127357149707,0,0.028539851307869,0.200924143195152,-0.0224124193191526,1
			} 
		}
		PoseNode:  {
			Node: 1701768454160
			Matrix: *16 {
				a: 0.576338152430079,-0.0924989908046872,0.811959525317363,0,0.795865060856696,-0.162077849894042,-0.583378138361824,0,0.185562465697703,0.982432885558414,-0.0197949253527287,0,0.0937932431697845,0.182089567184448,0.0644566789269447,1
			} 
		}
		PoseNode:  {
			Node: 1701768444160
			Matrix: *16 {
				a: 0.997430968630081,-0.0696721606045864,0.0166509115170271,0,0.0633161334091384,0.748746286482043,-0.659825784377564,0,0.0335041738642714,0.659184824702359,0.751233971268576,0,-5.96046447615128e-08,0.0556510686874391,-0.0113918781280519,1
			} 
		}
		PoseNode:  {
			Node: 1701768468160
			Matrix: *16 {
				a: 0.994989844727556,0.0847002614446631,0.0531137891722933,0,-0.0983023122535309,0.732045034345948,0.674126195195447,0,0.0182169793608755,-0.67596992657248,0.736703606605942,0,7.07805156707764e-08,0.22472596168518,0.000540715642273424,1
			} 
		}
		PoseNode:  {
			Node: 1701768452160
			Matrix: *16 {
				a: 0.99943553987009,-0.0260257150442835,0.0212429706259723,0,0.0272842145207848,0.997747789718001,-0.0612774000005437,0,-0.0196003411745821,0.0618224164888021,0.997894811021642,0,2.04890966398058e-08,0.201339185237884,-2.23517417907715e-08,1
			} 
		}
		PoseNode:  {
			Node: 1701768460160
			Matrix: *16 {
				a: 0.999770002693701,-0.00764432590890183,0.0200376145095853,0,0.00796045502501781,0.999844354253398,-0.015744790357443,0,-0.0199141338703299,0.0159006747839221,0.999675066301933,0,-9.54605639067602e-09,0.151700913906098,3.72529029846191e-08,1
			} 
		}
		PoseNode:  {
			Node: 1701768470160
			Matrix: *16 {
				a: 0.997534674342433,-0.050873476496853,-0.0483369721192866,0,0.0550328309614604,0.994507924301258,0.0890225723652954,0,0.0435426140664443,-0.0914632231493702,0.994855849831297,0,1.49011611869088e-08,0.126578092575073,-5.02914190327053e-08,1
			} 
		}
		PoseNode:  {
			Node: 1701768458160
			Matrix: *16 {
				a: 0.998973573234439,-0.00274450396579074,0.0452135784604276,0,-0.0451459669142541,0.0210636805430006,0.998758310620422,0,-0.00369346051726054,-0.999774369075325,0.0209181569322744,0,0.00515072327107191,0.0435990132391453,0.614995002746582,1
			} 
		}
	}
	AnimationStack: 1701766715712, "AnimStack::walk", "" {
	}
	AnimationCurve: 1701768484800, "AnimCurve::", "" {
		Default: 0
		KeyVer: 4009
		KeyTime: *31 {
			a: 0,1539538600,3079077200,4618615800,6158154400,7697693000,9237231600,10776770200,12316308800,13855847400,15395386000,16934924600,18474463200,20014001800,21553540400,23093079000,24632617600,26172156200,27711694800,29251233400,30790772000,32330310600,33869849200,35409387800,36948926400,38488465000,40028003600,41567542200,43107080800,44646619400,46186158000
		} 
		KeyValueFloat: *31 {
			a: 0,0,0,0,0,0,0,0,0,0,0,0,0,0,0,0,0,0,0,0,0,0,0,0,0,0,0,0,0,0,0
		} 
		;KeyAttrFlags: Cubic|TangeantAuto|GenericTimeIndependent, Cubic|TangeantAuto|GenericTimeIndependent, Cubic|TangeantAuto|GenericTimeIndependent, Cubic|TangeantAuto|GenericTimeIndependent, Cubic|TangeantAuto|GenericTimeIndependent, Cubic|TangeantAuto|GenericTimeIndependent, Cubic|TangeantAuto|GenericTimeIndependent, Cubic|TangeantAuto|GenericTimeIndependent, Cubic|TangeantAuto|GenericTimeIndependent, Cubic|TangeantAuto|GenericTimeIndependent, Cubic|TangeantAuto|GenericTimeIndependent, Cubic|TangeantAuto|GenericTimeIndependent, Cubic|TangeantAuto|GenericTimeIndependent, Cubic|TangeantAuto|GenericTimeIndependent, Cubic|TangeantAuto|GenericTimeIndependent, Cubic|TangeantAuto|GenericTimeIndependent, Cubic|TangeantAuto|GenericTimeIndependent, Cubic|TangeantAuto|GenericTimeIndependent, Cubic|TangeantAuto|GenericTimeIndependent, Cubic|TangeantAuto|GenericTimeIndependent, Cubic|TangeantAuto|GenericTimeIndependent, Cubic|TangeantAuto|GenericTimeIndependent, Cubic|TangeantAuto|GenericTimeIndependent, Cubic|TangeantAuto|GenericTimeIndependent, Cubic|TangeantAuto|GenericTimeIndependent, Cubic|TangeantAuto|GenericTimeIndependent, Cubic|TangeantAuto|GenericTimeIndependent, Cubic|TangeantAuto|GenericTimeIndependent, Cubic|TangeantAuto|GenericTimeIndependent, Cubic|TangeantAuto|GenericTimeIndependent, Cubic|TangeantAuto|GenericTimeIndependent
		KeyAttrFlags: *31 {
			a: 8456,8456,8456,8456,8456,8456,8456,8456,8456,8456,8456,8456,8456,8456,8456,8456,8456,8456,8456,8456,8456,8456,8456,8456,8456,8456,8456,8456,8456,8456,8456
		} 
		;KeyAttrDataFloat: RightAuto:0, NextLeftAuto:0; RightAuto:0, NextLeftAuto:0; RightAuto:0, NextLeftAuto:0; RightAuto:0, NextLeftAuto:0; RightAuto:0, NextLeftAuto:0; RightAuto:0, NextLeftAuto:0; RightAuto:0, NextLeftAuto:0; RightAuto:0, NextLeftAuto:0; RightAuto:0, NextLeftAuto:0; RightAuto:0, NextLeftAuto:0; RightAuto:0, NextLeftAuto:0; RightAuto:0, NextLeftAuto:0; RightAuto:0, NextLeftAuto:0; RightAuto:0, NextLeftAuto:0; RightAuto:0, NextLeftAuto:0; RightAuto:0, NextLeftAuto:0; RightAuto:0, NextLeftAuto:0; RightAuto:0, NextLeftAuto:0; RightAuto:0, NextLeftAuto:0; RightAuto:0, NextLeftAuto:0; RightAuto:0, NextLeftAuto:0; RightAuto:0, NextLeftAuto:0; RightAuto:0, NextLeftAuto:0; RightAuto:0, NextLeftAuto:0; RightAuto:0, NextLeftAuto:0; RightAuto:0, NextLeftAuto:0; RightAuto:0, NextLeftAuto:0; RightAuto:0, NextLeftAuto:0; RightAuto:0, NextLeftAuto:0; RightAuto:0, NextLeftAuto:0; RightAuto:0, NextLeftAuto:0
		KeyAttrDataFloat: *124 {
			a: 0,0,218434821,0,0,0,218434821,0,0,0,218434821,0,0,0,218434821,0,0,0,218434821,0,0,0,218434821,0,0,0,218434821,0,0,0,218434821,0,0,0,218434821,0,0,0,218434821,0,0,0,218434821,0,0,0,218434821,0,0,0,218434821,0,0,0,218434821,0,0,0,218434821,0,0,0,218434821,0,0,0,218434821,0,0,0,218434821,0,0,0,218434821,0,0,0,218434821,0,0,0,218434821,0,0,0,218434821,0,0,0,218434821,0,0,0,218434821,0,0,0,218434821,0,0,0,218434821,0,0,0,218434821,0,0,0,218434821,0,0,0,218434821,0,0,0,218434821,0,0,0,218434821,0
		} 
		KeyAttrRefCount: *31 {
			a: 1,1,1,1,1,1,1,1,1,1,1,1,1,1,1,1,1,1,1,1,1,1,1,1,1,1,1,1,1,1,1
		} 
	}
	AnimationCurve: 1701768483680, "AnimCurve::", "" {
		Default: 0
		KeyVer: 4009
		KeyTime: *31 {
			a: 0,1539538600,3079077200,4618615800,6158154400,7697693000,9237231600,10776770200,12316308800,13855847400,15395386000,16934924600,18474463200,20014001800,21553540400,23093079000,24632617600,26172156200,27711694800,29251233400,30790772000,32330310600,33869849200,35409387800,36948926400,38488465000,40028003600,41567542200,43107080800,44646619400,46186158000
		} 
		KeyValueFloat: *31 {
			a: 0,0,0,0,0,0,0,0,0,0,0,0,0,0,0,0,0,0,0,0,0,0,0,0,0,0,0,0,0,0,0
		} 
		;KeyAttrFlags: Cubic|TangeantAuto|GenericTimeIndependent, Cubic|TangeantAuto|GenericTimeIndependent, Cubic|TangeantAuto|GenericTimeIndependent, Cubic|TangeantAuto|GenericTimeIndependent, Cubic|TangeantAuto|GenericTimeIndependent, Cubic|TangeantAuto|GenericTimeIndependent, Cubic|TangeantAuto|GenericTimeIndependent, Cubic|TangeantAuto|GenericTimeIndependent, Cubic|TangeantAuto|GenericTimeIndependent, Cubic|TangeantAuto|GenericTimeIndependent, Cubic|TangeantAuto|GenericTimeIndependent, Cubic|TangeantAuto|GenericTimeIndependent, Cubic|TangeantAuto|GenericTimeIndependent, Cubic|TangeantAuto|GenericTimeIndependent, Cubic|TangeantAuto|GenericTimeIndependent, Cubic|TangeantAuto|GenericTimeIndependent, Cubic|TangeantAuto|GenericTimeIndependent, Cubic|TangeantAuto|GenericTimeIndependent, Cubic|TangeantAuto|GenericTimeIndependent, Cubic|TangeantAuto|GenericTimeIndependent, Cubic|TangeantAuto|GenericTimeIndependent, Cubic|TangeantAuto|GenericTimeIndependent, Cubic|TangeantAuto|GenericTimeIndependent, Cubic|TangeantAuto|GenericTimeIndependent, Cubic|TangeantAuto|GenericTimeIndependent, Cubic|TangeantAuto|GenericTimeIndependent, Cubic|TangeantAuto|GenericTimeIndependent, Cubic|TangeantAuto|GenericTimeIndependent, Cubic|TangeantAuto|GenericTimeIndependent, Cubic|TangeantAuto|GenericTimeIndependent, Cubic|TangeantAuto|GenericTimeIndependent
		KeyAttrFlags: *31 {
			a: 8456,8456,8456,8456,8456,8456,8456,8456,8456,8456,8456,8456,8456,8456,8456,8456,8456,8456,8456,8456,8456,8456,8456,8456,8456,8456,8456,8456,8456,8456,8456
		} 
		;KeyAttrDataFloat: RightAuto:0, NextLeftAuto:0; RightAuto:0, NextLeftAuto:0; RightAuto:0, NextLeftAuto:0; RightAuto:0, NextLeftAuto:0; RightAuto:0, NextLeftAuto:0; RightAuto:0, NextLeftAuto:0; RightAuto:0, NextLeftAuto:0; RightAuto:0, NextLeftAuto:0; RightAuto:0, NextLeftAuto:0; RightAuto:0, NextLeftAuto:0; RightAuto:0, NextLeftAuto:0; RightAuto:0, NextLeftAuto:0; RightAuto:0, NextLeftAuto:0; RightAuto:0, NextLeftAuto:0; RightAuto:0, NextLeftAuto:0; RightAuto:0, NextLeftAuto:0; RightAuto:0, NextLeftAuto:0; RightAuto:0, NextLeftAuto:0; RightAuto:0, NextLeftAuto:0; RightAuto:0, NextLeftAuto:0; RightAuto:0, NextLeftAuto:0; RightAuto:0, NextLeftAuto:0; RightAuto:0, NextLeftAuto:0; RightAuto:0, NextLeftAuto:0; RightAuto:0, NextLeftAuto:0; RightAuto:0, NextLeftAuto:0; RightAuto:0, NextLeftAuto:0; RightAuto:0, NextLeftAuto:0; RightAuto:0, NextLeftAuto:0; RightAuto:0, NextLeftAuto:0; RightAuto:0, NextLeftAuto:0
		KeyAttrDataFloat: *124 {
			a: 0,0,218434821,0,0,0,218434821,0,0,0,218434821,0,0,0,218434821,0,0,0,218434821,0,0,0,218434821,0,0,0,218434821,0,0,0,218434821,0,0,0,218434821,0,0,0,218434821,0,0,0,218434821,0,0,0,218434821,0,0,0,218434821,0,0,0,218434821,0,0,0,218434821,0,0,0,218434821,0,0,0,218434821,0,0,0,218434821,0,0,0,218434821,0,0,0,218434821,0,0,0,218434821,0,0,0,218434821,0,0,0,218434821,0,0,0,218434821,0,0,0,218434821,0,0,0,218434821,0,0,0,218434821,0,0,0,218434821,0,0,0,218434821,0,0,0,218434821,0,0,0,218434821,0
		} 
		KeyAttrRefCount: *31 {
			a: 1,1,1,1,1,1,1,1,1,1,1,1,1,1,1,1,1,1,1,1,1,1,1,1,1,1,1,1,1,1,1
		} 
	}
	AnimationCurve: 1701768485440, "AnimCurve::", "" {
		Default: 0
		KeyVer: 4009
		KeyTime: *31 {
			a: 0,1539538600,3079077200,4618615800,6158154400,7697693000,9237231600,10776770200,12316308800,13855847400,15395386000,16934924600,18474463200,20014001800,21553540400,23093079000,24632617600,26172156200,27711694800,29251233400,30790772000,32330310600,33869849200,35409387800,36948926400,38488465000,40028003600,41567542200,43107080800,44646619400,46186158000
		} 
		KeyValueFloat: *31 {
			a: 0,0,0,0,0,0,0,0,0,0,0,0,0,0,0,0,0,0,0,0,0,0,0,0,0,0,0,0,0,0,0
		} 
